Instructions matches

class Generate

It generate lists

lyt:
	8x8 list of list of 3 numbers representing RGB
	with 64 colors like [234, 2, 123]
	every color has an equal color, so there
	are 32 unique colors on 64

	At start it is like so:
		self.lyt = [
		[0,0,0,0,0,0,0,0,],
		[0,0,0,0,0,0,0,0,],
		[0,0,0,0,0,0,0,0,],
		[0,0,0,0,0,0,0,0,],
		[0,0,0,0,0,0,0,0,],
		[0,0,0,0,0,0,0,0,],
		[0,0,0,0,0,0,0,0,],
		[0,0,0,0,0,0,0,0,]
	]


	then it is like so:
[[[160, 80, 20], [140, 110, 110], [110, 0, 70], [140, 10, 130], [10, 190, 240], [220, 0, 20], [190, 10, 220], [170, 170, 10]], [[70, 80, 140], [130, 40, 70], [240, 30, 90], [150, 170, 140], [80, 60, 160], [90, 160, 130], [190, 90, 20], [220, 60, 100]], [[0, 150, 180], [10, 60, 120], [100, 50, 80], [50, 90, 140], [170, 240, 240], [250, 120, 210], [130, 160, 40], [200, 50, 80]], [[110, 210, 140], [30, 90, 160], [70, 160, 10], [0, 100, 200], [50, 20, 40], [20, 110, 30], [160, 50, 150], [0, 70, 200]], [[160, 80, 20], [140, 110, 110], [110, 0, 70], [140, 10, 130], [10, 190, 240], [220, 0, 20], [190, 10, 220], [170, 170, 10]], [[70, 80, 140], [130, 40, 70], [240, 30, 90], [150, 170, 140], [80, 60, 160], [90, 160, 130], [190, 90, 20], [220, 60, 100]], [[0, 150, 180], [10, 60, 120], [100, 50, 80], [50, 90, 140], [170, 240, 240], [250, 120, 210], [130, 160, 40], [200, 50, 80]], [[110, 210, 140], [30, 90, 160], [70, 160, 10], [0, 100, 200], [50, 20, 40], [20, 110, 30], [160, 50, 150], [0, 70, 200]]]

lyt_surfaces:
	list with surfaces of the color of lyt

    [<Surface(64x64x32 SW)>, <Surface(64x64x32 SW)>, <Surface(64x64x32 SW)>, <Surface(64x64x32 SW)>, <Surface(64x64x32 SW)>, <Surface(64x64x32 SW)>, <Surface(64x64x32 SW)>, <Surface(64x64x32 SW)>,...]